11154139
48988394
65430233
25013961
68581130
84673158
4413522
95967961
17612571
19306957
99031335
68373376
99165685
5406806
72336511
30700610
37665481
60218490
74708418
53577903
63233797
35065507
89215738
28855723
2978530
68093278
62564106
19498012
72651882
32018294
50493687
22011805
71271669
56605276
12562870
17871511
45994717
88230039
39836057
29276884
18620593
46890705
57877998
24304182
92784161
1561060
49849187
52436366
60368672
72136729
36709695
79556691
25229372
77773113
97193629
36986527
6532011
87362869
20636149
34381828
48776945
69131376
18983781
75257360
64792980
72685371
29606240
3286258
47527021
88136959
81616260
59849846
79857992
38962108
69091839
8960989
721902
194449
7657651
23869724
20088118
51677240
87207297
75817739
81911491
63791627
21088638
5559697
63508186
42589536
19753394
42124215
46966353
43677636
83306218
6464677
29461933
63150773
5500660
5708009
48573166
67482522
53949510
46590490
14554898
38746200
12821163
97877630
38722376
91073904
33832852
25474095
4687903
47197147
71731170
53114509
93947752
62726162
43770028
46998220
28288632
93412636
1136629
53365624
84207530
39729957
97190094
66481061
20688762
16220573
41096500
5574985
77780135
12446792
54218543
81975024
97324864
38074725
69661499
40351641
16636700
60849117
21917125
31066406
22658918
8171581
24361602
35444211
25525252
12096146
27694642
44001362
95548253
51213686
8887177
4439306
26672144
65388907
37632634
83481162
81168589
44001687
63659290
66552894
45829352
37803919
30520514
32631460
10125556
1131205
517748
25350457
35175080
3026743
13136348
51418358
46641150
55095500
88673617
287005
79001720
50787974
74785410
76405506
36217242
20300828
32050634
10837270
4362367
66466547
27845220
11956093
1981365
8778402
39008062
80885196
61625185
3546450
78516836
60033080
56333976
27824258
36553361
25551332
68467849
33183364
70453857
14799446
73606200
46439672
89370684
60830948
63960699
55991808
67464950
23908547
39846066
57231130
26084182
68562435
83730549
89864031
60631127
69207374
1114993
92302227
62273720
27017172
49178310
43519650
47398640
58114864
98373909
13866171
90239857
3241020
56590672
20328991
21620677
1470422
89791701
36828732
55522971
4658717
50389598
36942929
52859408
36527637
81241897
76964592
72028712
20409321
72950916
23043428
63508859
63630311
52106084
66871203
49899507
25306301
60783223
50229345
19677451
83854465
65298019
35792863
35789975
81442110
22880303
59992405
60394352
44619952
55367953
71445854
20149042
38313171
97908211
31362355
47581889
9680684
66158612
27972240
76009566
81866383
31721164
89173231
58001178
14758481
35962984
2415886
98450739
5185114
31927394
71705422
70176318
9769415
73060303
96658116
19965658
81999299
28698388
58210242
70138356
92871788
17254937
46288062
6560033
12741346
81235043
83843864
33695129
89776470
56659646
90071045
49094756
62990672
31148243
49095459
97979981
75299593
38452278
45297870
8072213
19502253
36787641
23287057
70586828
85406977
86002201
86558720
27752935
44926131
45361889
14087775
58312589
38070142
5081931
19161978
41169373
88153685
73781319
91449961
78780679
13438448
16830162
18365176
56964961
95110869
78140862
74046736
80451766
10708492
13100721
48988880
50849244
2735464
47736970
12084743
72832806
1160305
74253845
15581914
94964498
9520727
32899000
3389031
98178704
